  phi0  p_ident  true_phi_star   rmse    bias  mc_std  boot_se  coverage  ci_width  n_reps
0.0000   0.5000        -0.0060 1.2520  0.4914  1.1574   1.1383    0.9900    3.2983     100
0.2778   0.3906        -0.0060 0.7115  0.1184  0.7051   0.8775    0.9200    2.8257     100
0.5556   0.2893        -0.0060 0.5544 -0.0375  0.5560   0.7362    0.9400    2.5170     100
0.8333   0.2023        -0.0060 0.7841 -0.1887  0.7649   0.7493    0.9100    2.6079     100
1.1111   0.1333        -0.0060 0.9368 -0.5006  0.7958   0.8853    0.8700    2.9073     100
1.3889   0.0824        -0.0060 1.7795 -1.2250  1.2972   0.9964    0.7700    2.9398     100
1.6667   0.0478        -0.0060 2.2644 -1.8296  1.3410   1.0489    0.6700    2.8905     100
1.9444   0.0259        -0.0060 2.5650 -2.2906  1.1602   1.0694    0.6200    2.9408     100
2.2222   0.0131        -0.0060 2.7446 -2.5585  0.9985   1.0007    0.6100    2.7312     100
2.5000   0.0062        -0.0060 2.8328 -2.6986  0.8662   0.9217    0.5700    2.5571     100