  phi0  p_ident  true_phi_star   rmse   bias  mc_std  boot_se  coverage  ci_width  n_reps
0.0000   0.5000        -0.0060 0.1665 0.1117  0.1242   0.1398    0.8600    0.5127     100
0.2778   0.3906        -0.0060 0.2319 0.1829  0.1432   0.1367    0.7200    0.4921     100
0.5556   0.2893        -0.0060 0.2667 0.2328  0.1308   0.1364    0.4700    0.5017     100
0.8333   0.2023        -0.0060 0.3413 0.3142  0.1341   0.1343    0.2700    0.4997     100
1.1111   0.1333        -0.0060 0.4164 0.3931  0.1382   0.1379    0.2400    0.5052     100
1.3889   0.0824        -0.0060 0.4978 0.4765  0.1447   0.1392    0.0700    0.5072     100
1.6667   0.0478        -0.0060 0.6334 0.6158  0.1494   0.1465    0.0200    0.5322     100
1.9444   0.0259        -0.0060 0.7646 0.7442  0.1765   0.1541    0.0100    0.5666     100
2.2222   0.0131        -0.0060 0.9246 0.9036  0.1971   0.1670    0.0000    0.6163     100
2.5000   0.0062        -0.0060 1.0968 1.0775  0.2060   0.1797    0.0000    0.6591     100